$ANSIBLE_VAULT;1.1;AES256
66316564396336396531373430636439356162313063306531353431313138363830333639393563
6235316630346138316433313763643438616166653862630a353232393630646335316638306432
31366666626364383763343663623832313232396561663031383937643335343439333131633862
3965343234646265390a623361336133346430353861383737363763306437373737666361306535
36353239373830373537656135626430366432383638616262666135643838643565306631363865
31323735646132613237356166396465356561313634386661313236386161343231613064386231
65353636393037353139366161653266373339666439623138313663343038666134653961653539
38333337636235626237633665646261623334353339656532376664653765303437343231333736
33613330633539323031333033363739366666366336623134643761386630656437613732626561
31383932356363663263653834666637666332373336366531623130343937633164393065396433
63613962613337313031636237626532323633323436396262373734346435366261373336666463
33346236663261663162613939393364333662666162386430633831386665323533353662353061
63626532306231633065396430346464333130343239613830653832383839636465636164313739
31643834613533643236303166613664366637323238383731343866333132313663386530356532
65643639343431306366653230336466326237313335396632333261653766363838373133626131
34343233356435313039636635333661623039383831383733313765653139326236356538316338
34376435663831633762306431303165343462613937386237303466313665353766393661613964
30333532303132393831373061373931616534616566376663396162643164363262663736393236
64356632386330626664316163343032643531323663363539616665663735336231383633383461
62636636343834336331323233383539366434366264393433663735343865366364656136373333
38633264386137386639336535623033303062303632343636343236363565633031616632316535
30383938383930643537363261336566613131623064326433313338656565326534363761323933
35363930633665346534613564316233613435326335616639633432616539373337616430356132
63323230373931633465376666616337643132663364326439343931373366663834373432633331
34396131663631376338316133666161633333333466616136653430616537323363343963326538
61353466363533626433626639303438343633326334396665343964393134313965393331316535
61356633343533613766323637326661353238383435316531666161386330623266326233306366
35333364303535383965373034366563656639613864653936656163383035396335643639393235
37393638666562353934616564306437373664383761666333663161356631613633336134653363
38346366646261386331643330373833656134383530306338633032333366656632333063393463
34376434393765303264396135303862643738373432363336303537353131643839653566633038
62383732326637313337353562383733346238613932636630626639663263363166643166363239
62623232613238646532306332643437326336363836646261383961356135616564363835393764
38323133323162386262353635386630633033396332666265633138303232316232636630316530
61643335386538666264646433386161343935346237373435313965303165616533323233393337
30663433616636343431633731613630356539333662616538336539373631306364336439343461
64353433373736363535633637663032323663396132366639393833653563623362343938623938
37623665353530383436303262393966623132653465656565633835393537396562306233376466
30623434343534616261316365643731626166393062366538626362393933396237643762363539
33343739346661313634343430353731376232393264373833663138373932326561656231313265
32346339383638353034616363633265303334326131653566383764363364383663663038346430
33323566393566386638623162393365343266333736353432303938343635663232323731306564
32333464663562663830393138346238333632646164383063316661653434643930303438393232
38313761666438663332303063313066363936663765623638386264396632623133613730333562
63353831386236663934396331323066303334346263313835393965636261376264373337376636
33363265353635656265626435613836623534646262383364303362316361663263366539303433
39373630303339376466323630653336333338663735316237643764373932663435666537326439
66633332653064356234343431646438313566396166633866376366306564373733663030643939
61623462353433376663373033343134623434656261303162623462323666613337656336613463
32643534643232323861373235313631396631643438633637303638303865613132663434373430
31353061326230346665373161333532633739393232343763653136333061376637323531613030
65646338636433386264643733326538376636316230613534363139613034643231656232633961
61663965373037376230653930613462613262613532346238656561393963336532393233613935
34653838653937626130633039656237643338346533316239326236396139326434353164656535
65383436616639633261613761653737363166306364653764343837613330376165666266626337
36383362663764373761626334343032653464633566653533383765353937316230626539366564
38383035656635613265353762366339643939643765326439393263626465613133666461663966
31366538613734383063343336306639363765646138316562343861383763613234306533326233
34653464333338613932383762333332383866313861373632306439373031636537616331623336
65396632636562356237313466643666346362613666373235626465356631336535643235663062
61666661366332633266386336303365363230353362353331326635373934666438
